A = [ 1 2 3 4;
 5 6 1 8;
 9 10 11 12;
 13 2 15 16]

b = [1; 0; 0; 0]

x = A\b