newload = [101 1 118.8;
           102 1 106.7;
           103 1 198;
           104 1 81.4;
           105 1 78.1;
           106 1 149.6;
           107 1 137.5;
           108 1 188.1;
           109 1 192.5;
           110 1 214.5;
           113 1 291.5;
           114 1 213.4;
           115 1 348.7;
           116 1 110;
           118 1 366.3;
           119 1 199.1;
           120 1 140.8];
       
newgen = [107 1 240;
          113 1 521];






