j = sqrt(-1);
Ybus = sparse(7);
Ybus(    1,    1) =      6.2500+ j*(  -18.6950);
Ybus(    1,    2) =     -5.0000+ j*(   15.0000);
Ybus(    1,    3) =     -1.2500+ j*(    3.7500);
Ybus(    2,    1) =     -5.0000+ j*(   15.0000);
Ybus(    2,    2) =     15.8333+ j*(  -47.3900);
Ybus(    2,    3) =     -1.6667+ j*(    5.0000);
Ybus(    2,    4) =     -1.6667+ j*(    5.0000);
Ybus(    2,    5) =     -2.5000+ j*(    7.5000);
Ybus(    2,    6) =     -5.0000+ j*(   15.0000);
Ybus(    3,    1) =     -1.2500+ j*(    3.7500);
Ybus(    3,    2) =     -1.6667+ j*(    5.0000);
Ybus(    3,    3) =     12.9167+ j*(  -38.6950);
Ybus(    3,    4) =    -10.0000+ j*(   30.0000);
Ybus(    4,    2) =     -1.6667+ j*(    5.0000);
Ybus(    4,    3) =    -10.0000+ j*(   30.0000);
Ybus(    4,    4) =     12.9167+ j*(  -38.6950);
Ybus(    4,    5) =     -1.2500+ j*(    3.7500);
Ybus(    5,    2) =     -2.5000+ j*(    7.5000);
Ybus(    5,    4) =     -1.2500+ j*(    3.7500);
Ybus(    5,    5) =      8.7500+ j*(  -26.1900);
Ybus(    5,    7) =     -5.0000+ j*(   15.0000);
Ybus(    6,    2) =     -5.0000+ j*(   15.0000);
Ybus(    6,    6) =      7.5000+ j*(  -22.4250);
Ybus(    6,    7) =     -2.5000+ j*(    7.5000);
Ybus(    7,    5) =     -5.0000+ j*(   15.0000);
Ybus(    7,    6) =     -2.5000+ j*(    7.5000);
Ybus(    7,    7) =      7.5000+ j*(  -22.4300);
V(    1) =  0.991378 + j*( 0.131036);
V(    2) =  0.997306 + j*( 0.073352);
V(    3) =  0.999967 + j*(-0.008115);
V(    4) =  0.999981 + j*(-0.006146);
V(    5) =  0.999701 + j*(-0.024470);
V(    6) =  0.998802 + j*( 0.048926);
V(    7) =  1.040000 + j*( 0.000000);
